100
40 10 67 35 0
40 10 67 35 0
40 10 67 35 0
40 10 67 35 0
40 10 67 35 0
5 8 67 35 1
5 8 67 35 1
5 8 67 35 1
5 8 67 35 1
5 8 67 35 1
5 8 67 35 1
5 8 67 35 1
5 8 67 35 1
5 8 67 35 1
5 8 67 35 1
67 35 5 8 2
67 35 5 8 2
67 35 5 8 2
67 35 5 8 2
67 35 5 8 2
67 35 5 8 2
5 8 67 35 1
5 8 67 35 1
5 8 67 35 1
5 8 67 35 1
5 8 67 35 1
5 8 67 35 1
5 8 67 35 1
5 8 67 35 1
5 8 67 35 1
5 8 67 35 1
5 8 67 35 1
67 35 5 8 2
67 35 5 8 2
67 35 5 8 2
67 35 5 8 2
67 35 5 8 2
67 35 5 8 2
5 8 67 35 1
5 8 67 35 1
5 8 67 35 1
5 8 67 35 1
5 8 67 35 1
5 8 67 35 1
5 8 67 35 1
5 8 67 35 1
5 8 67 35 1
67 35 5 8 2
67 35 5 8 2
67 35 5 8 2
67 35 5 8 2
67 35 5 8 2
67 35 5 8 2
40 10 67 35 0
40 10 67 35 0
40 10 67 35 0
40 10 67 35 0
40 10 67 35 0
5 8 67 35 1
5 8 67 35 1
5 8 67 35 1
5 8 67 35 1
5 8 67 35 1
5 8 67 35 1
5 8 67 35 1
5 8 67 35 1
5 8 67 35 1
5 8 67 35 1
67 35 5 8 2
67 35 5 8 2
67 35 5 8 2
67 35 5 8 2
67 35 5 8 2
67 35 5 8 2
5 8 67 35 1
5 8 67 35 1
5 8 67 35 1
5 8 67 35 1
5 8 67 35 1
5 8 67 35 1
5 8 67 35 1
5 8 67 35 1
5 8 67 35 1
5 8 67 35 1
5 8 67 35 1
67 35 5 8 2
67 35 5 8 2
67 35 5 8 2
67 35 5 8 2
67 35 5 8 2
67 35 5 8 2
5 8 67 35 1
5 8 67 35 1
5 8 67 35 1
5 8 67 35 1
5 8 67 35 1
5 8 67 35 1
5 8 67 35 1
5 8 67 35 1
5 8 67 35 1
67 35 5 8 2
67 35 5 8 2
67 35 5 8 2
67 35 5 8 2
67 35 5 8 2
67 35 5 8 2
