206
5 15 65 55 0
5 15 65 55 0
5 15 65 55 0
5 15 65 55 0
5 15 65 55 0
5 15 65 55 0
5 15 65 55 0
5 15 65 55 0
5 15 65 55 0
5 15 65 55 0
5 15 65 55 0
5 15 65 55 0
5 15 70 15 0
5 15 70 15 0
5 15 70 15 0
5 15 70 15 0
5 15 70 15 0
5 15 70 15 0
5 15 70 15 0
5 15 70 15 0
5 15 70 15 0
5 15 70 15 0
5 15 70 15 0
5 15 70 15 0
5 15 70 15 0
65 55 5 15 1
65 55 5 15 1
65 55 5 15 1
65 55 5 15 1
65 55 5 15 1
65 55 5 15 1
65 55 5 15 1
65 55 5 15 1
65 55 5 15 1
65 55 5 15 1
65 55 5 15 1
65 55 5 15 1
65 55 5 15 1
65 55 70 15 1
65 55 70 15 1
65 55 70 15 1
65 55 70 15 1
65 55 70 15 1
65 55 70 15 1
65 55 70 15 1
65 55 70 15 1
65 55 70 15 1
65 55 70 15 1
65 55 70 15 1
65 55 70 15 1
5 55 70 15 2
5 55 70 15 2
5 55 70 15 2
5 55 70 15 2
5 55 70 15 2
5 55 70 15 2
5 55 70 15 2
5 55 70 15 2
5 55 70 15 2
5 55 70 15 2
5 55 70 15 2
5 55 70 15 2
5 55 70 15 2
5 55 65 55 2
5 55 65 55 2
5 55 65 55 2
5 55 65 55 2
5 55 65 55 2
5 55 65 55 2
5 55 65 55 2
5 55 65 55 2
5 55 65 55 2
5 55 65 55 2
5 55 65 55 2
5 55 65 55 2
5 55 65 55 2
70 15 5 55 3
70 15 5 55 3
70 15 5 55 3
70 15 5 55 3
70 15 5 55 3
70 15 5 55 3
70 15 5 55 3
70 15 5 55 3
70 15 5 55 3
70 15 5 55 3
70 15 5 55 3
70 15 5 55 3
70 15 5 55 3
70 15 5 55 3
70 15 65 55 3
70 15 65 55 3
70 15 65 55 3
70 15 65 55 3
70 15 65 55 3
70 15 65 55 3
70 15 65 55 3
70 15 65 55 3
70 15 65 55 3
70 15 65 55 3
70 15 65 55 3
70 15 65 55 3
70 15 65 55 3
5 15 65 55 0
5 15 65 55 0
5 15 65 55 0
5 15 65 55 0
5 15 65 55 0
5 15 65 55 0
5 15 65 55 0
5 15 65 55 0
5 15 65 55 0
5 15 65 55 0
5 15 65 55 0
5 15 65 55 0
5 15 70 15 0
5 15 70 15 0
5 15 70 15 0
5 15 70 15 0
5 15 70 15 0
5 15 70 15 0
5 15 70 15 0
5 15 70 15 0
5 15 70 15 0
5 15 70 15 0
5 15 70 15 0
5 15 70 15 0
5 15 70 15 0
65 55 5 15 1
65 55 5 15 1
65 55 5 15 1
65 55 5 15 1
65 55 5 15 1
65 55 5 15 1
65 55 5 15 1
65 55 5 15 1
65 55 5 15 1
65 55 5 15 1
65 55 5 15 1
65 55 5 15 1
65 55 5 15 1
65 55 70 15 1
65 55 70 15 1
65 55 70 15 1
65 55 70 15 1
65 55 70 15 1
65 55 70 15 1
65 55 70 15 1
65 55 70 15 1
65 55 70 15 1
65 55 70 15 1
65 55 70 15 1
65 55 70 15 1
5 55 70 15 2
5 55 70 15 2
5 55 70 15 2
5 55 70 15 2
5 55 70 15 2
5 55 70 15 2
5 55 70 15 2
5 55 70 15 2
5 55 70 15 2
5 55 70 15 2
5 55 70 15 2
5 55 70 15 2
5 55 70 15 2
5 55 65 55 2
5 55 65 55 2
5 55 65 55 2
5 55 65 55 2
5 55 65 55 2
5 55 65 55 2
5 55 65 55 2
5 55 65 55 2
5 55 65 55 2
5 55 65 55 2
5 55 65 55 2
5 55 65 55 2
5 55 65 55 2
70 15 5 55 3
70 15 5 55 3
70 15 5 55 3
70 15 5 55 3
70 15 5 55 3
70 15 5 55 3
70 15 5 55 3
70 15 5 55 3
70 15 5 55 3
70 15 5 55 3
70 15 5 55 3
70 15 5 55 3
70 15 5 55 3
70 15 5 55 3
70 15 65 55 3
70 15 65 55 3
70 15 65 55 3
70 15 65 55 3
70 15 65 55 3
70 15 65 55 3
70 15 65 55 3
70 15 65 55 3
70 15 65 55 3
70 15 65 55 3
70 15 65 55 3
70 15 65 55 3
70 15 65 55 3
